The number of times the letters appear:	Uppercase: 1811357	Lowercase: 31162210	Total: 32973567
For uppercase letters:
A :	217687 times	12.017895975227413%
N :	137735 times	7.603967633106008%
I :	135705 times	7.4918969590202265%
L :	90175 times	4.9783118402391136%
H :	85564 times	4.7237513091014085%
O :	82571 times	4.5585160738606465%
G :	79542 times	4.3912933783897925%
E :	78148 times	4.314334501702315%
S :	75171 times	4.149982582119372%
Q :	74704 times	4.124200806356781%
Y :	73299 times	4.0466346501545525%
Z :	71594 times	3.9525063253682187%
W :	69968 times	3.8627393716423652%
U :	62532 times	3.4522184196709977%
C :	57698 times	3.185346676552441%
D :	53846 times	2.9726884319325233%
X :	52698 times	2.909310533484012%
J :	52579 times	2.902740873278984%
M :	47442 times	2.6191413398904797%
B :	42285 times	2.3344376619297025%
T :	38303 times	2.114602477590006%
F :	35531 times	1.961568039872869%
R :	28781 times	1.58891924673049%
P :	28632 times	1.5806933696670509%
K :	26681 times	1.4729840666417497%
V :	12486 times	0.6893174564704804%
For lowercase letters:
a :	3786316 times	12.15034492097961%
i :	2694380 times	8.646305894222522%
n :	2624685 times	8.422653592283732%
e :	1830255 times	5.873315788578537%
o :	1817491 times	5.832355920841302%
l :	1415371 times	4.5419468003071675%
h :	1362864 times	4.373451048561703%
s :	1356432 times	4.352810663941999%
g :	1347441 times	4.323958409881713%
u :	1131161 times	3.6299126409840636%
y :	1103209 times	3.5402142530969405%
w :	1052392 times	3.3771417367381837%
q :	962598 times	3.0889914418778384%
d :	935293 times	3.001369286709768%
z :	912713 times	2.928909727519325%
c :	889435 times	2.8542102758437222%
x :	749973 times	2.406674622884577%
m :	734048 times	2.3555710586636827%
j :	729668 times	2.341515572868548%
r :	709041 times	2.275323220015525%
t :	693828 times	2.2265044744900955%
b :	644286 times	2.0675234522840324%
f :	536182 times	1.7206160923759901%
k :	506986 times	1.6269256898018465%
p :	437402 times	1.4036295885304668%
v :	198760 times	0.6378238257171106%
For all letters:
A :	4004003 times	12.14306902252947%
I :	2830085 times	8.582890046442351%
N :	2762420 times	8.377680218824976%
E :	1908403 times	5.7876753218722135%
O :	1900062 times	5.762379302184686%
L :	1505546 times	4.565917906303555%
H :	1448428 times	4.3926943057146355%
S :	1431603 times	4.341668585627997%
G :	1426983 times	4.327657362638383%
U :	1193693 times	3.620151256307818%
Y :	1176508 times	3.5680337526116%
W :	1122360 times	3.4038173668017175%
Q :	1037302 times	3.145859227180366%
D :	989139 times	2.999793743879757%
Z :	984307 times	2.985139581653389%
C :	947133 times	2.8724007930352213%
X :	802671 times	2.434286226904114%
J :	782247 times	2.372345703453921%
M :	781490 times	2.3700499251415534%
R :	737822 times	2.2376165732994555%
T :	732131 times	2.220357294071339%
B :	686571 times	2.082186012814446%
F :	571713 times	1.733852452177831%
K :	533667 times	1.6184691210386792%
P :	466034 times	1.413356340853266%
V :	211246 times	0.6406525566372604%
