The number of times the letters appear:	Uppercase: 1243871	Lowercase: 20908572	Total: 22152443
For uppercase letters:
A :	120995 times	9.727294872217456%
N :	90143 times	7.2469733597776615%
I :	84703 times	6.809628972779332%
L :	67835 times	5.453539796329362%
H :	63908 times	5.137831816964942%
G :	58184 times	4.677655480351258%
E :	55882 times	4.4925880577648325%
Y :	55151 times	4.433819905761932%
S :	55097 times	4.429478619567464%
O :	53157 times	4.273513893321735%
W :	50162 times	4.032733297906295%
Z :	46124 times	3.708101563586578%
U :	45992 times	3.6974895306667652%
C :	45304 times	3.6421783287816827%
J :	40687 times	3.2709983591546066%
X :	39414 times	3.168656556829446%
D :	38888 times	3.1263692135277696%
Q :	36090 times	2.9014262733032607%
M :	35370 times	2.8435424573770107%
B :	31249 times	2.5122380053880184%
T :	29225 times	2.349520167284228%
F :	25741 times	2.069426813552209%
R :	23453 times	1.885484909608794%
P :	21436 times	1.7233298308265084%
K :	19827 times	1.5939755810690979%
V :	9854 times	0.7922043363017548%
For lowercase letters:
a :	2127028 times	10.172995075895187%
n :	1682275 times	8.045862720801784%
i :	1635840 times	7.823776774425341%
e :	1252281 times	5.989318639264317%
o :	1175673 times	5.622923459335243%
l :	1003093 times	4.797520366288047%
h :	1001076 times	4.7878736051414705%
g :	954755 times	4.566332889687541%
s :	916386 times	4.382824422442623%
u :	825837 times	3.9497532399630164%
y :	825217 times	3.9467879489809254%
w :	726036 times	3.4724322636667875%
d :	667005 times	3.1901030830799924%
c :	666911 times	3.1896535067052882%
z :	607499 times	2.9055021069827247%
r :	562515 times	2.6903558980498525%
j :	540812 times	2.5865563654944967%
x :	536207 times	2.564531905861385%
m :	532998 times	2.54918413366537%
t :	507480 times	2.4271384961153735%
b :	484336 times	2.316447053390351%
q :	453546 times	2.1691868770378004%
k :	382922 times	1.8314115378132951%
f :	369808 times	1.7686908508146804%
p :	307658 times	1.4714443434970117%
v :	163378 times	0.7813924356000973%
For all letters:
A :	2248023 times	10.147968781592171%
N :	1772418 times	8.001004674744%
I :	1720543 times	7.766831856874658%
E :	1308163 times	5.905276451901941%
O :	1228830 times	5.547153422311029%
L :	1070928 times	4.834356192678162%
H :	1064984 times	4.807523937653287%
G :	1012939 times	4.572583710067554%
S :	971483 times	4.38544407946338%
Y :	880368 times	3.9741350423517625%
U :	871829 times	3.9355885037149174%
W :	776198 times	3.50389345319611%
C :	712215 times	3.215063006820512%
D :	705893 times	3.1865243937203678%
Z :	653623 times	2.950568476804116%
R :	585968 times	2.6451619805544695%
J :	581499 times	2.6249881333629883%
X :	575621 times	2.5984538138750657%
M :	568368 times	2.5657125040339794%
T :	536705 times	2.422780187268736%
B :	515585 times	2.3274408154441475%
Q :	489636 times	2.2103024934992495%
K :	402749 times	1.8180793874517587%
F :	395549 times	1.7855773288751944%
P :	329094 times	1.485587842388309%
V :	173232 times	0.7819995293521351%
